

        3         8         2  |          6         1         4  |          5         9         7 
        7         1         5  |          2         9         8  |          6         4         3 
        9         4         6  |          5         3         7  |          2         8         1 
	-----------------------------------------------------------------------------------------------
        8         9         4  |          3         6         5  |          1         2         7 
       16         2         3  |          7        24        19  |          8         5        46 
      156        25         7  |          8        24        15  |          9         3        46 
	-----------------------------------------------------------------------------------------------
        5        35         1  |          9         8         6  |          4         7         2 
        4         7         8  |          1         5         2  |          3         6         9 
        2         6         9  |          4         7         3  |          5         1         8 
